2637
2855
2949
2997
3185
3325
3333
9655
10149
10153
10651
12887
12891
13173
13371
13381
13383
14193
26649
26650
26658
26662
26663
26666
26668
26669
27466
27471
38207
38671
77369
77370
77377
77380
99631
99759
100759
100879
101011
103025
103513
103515
103519
103525
104013
104015
104023
104195
105197
105893
106391
106891
283063
283163
315119
315535
500032
501034
501185
501205
504406
504427
508129
509413
509988
510009
510118
510936
513419
514036
517191
519532
519801
519820
520507
522140
524013
525015
525088
525444
530684
530816
541252
548375
548522
562928
628261
628764
629165
642293
661017
665310
670470
676849
676926
679656
685354
689090
701879
704219
